2.058531840642293387e-01
4.693700472513834820e-01
7.538442711035410193e-01
8.568948507308959961e-01
8.745039900143941614e-01
9.644097387790679932e-01
9.672619203726450232e-01
9.657738308111826209e-01
9.564732412497202185e-01
9.776785969734191895e-01
9.843750198682149621e-01
9.727182686328887939e-01
9.991319477558135986e-01
9.913194576899210242e-01
9.991319477558135986e-01
9.973958432674407959e-01
9.939236243565877649e-01
9.973958432674407959e-01
9.811508059501647949e-01
9.753224352995554236e-01
9.419643084208170203e-01
9.512648979822794226e-01
9.930555721124013635e-01
9.802827537059783936e-01
9.965277810891469690e-01
9.259672760963439941e-01
9.637897014617919922e-01
9.263393084208170203e-01
9.486607412497202185e-01
9.393601318200429651e-01
