2.215329051017761230e+00
1.841450889905293709e+00
1.341068426767985100e+00
7.988240023454030725e-01
4.847842206557591571e-01
2.245246941844622202e-01
1.453764004011948996e-01
1.275874997178713388e-01
1.423652029285828180e-01
1.020353852460781779e-01
7.578589705129464005e-02
1.306366566568613052e-01
4.355684729913870262e-02
5.889219573388496803e-02
2.555184640611211574e-02
2.787117318560679638e-02
2.908088763554890835e-02
2.111459686420857906e-02
5.411978554911911488e-02
5.663871027839680744e-02
1.505889131998022490e-01
1.163870850577950478e-01
5.145645855615536141e-02
9.118801541626453400e-02
3.486831517269214226e-02
3.154871690397461070e-01
9.536907418320576812e-02
3.048959026734034405e-01
1.593786204854647226e-01
1.648400009920199805e-01
