2.058531815807024545e-01
4.526289825638135089e-01
7.774057785669962195e-01
9.010416766007741662e-01
9.087301790714263916e-01
9.406002263228098181e-01
9.698660870393117639e-01
9.172867238521575928e-01
9.930555621782938269e-01
9.750744203726450232e-01
9.878472387790679932e-01
9.965277910232543945e-01
9.846230248610178259e-01
9.854910870393117639e-01
9.425843457380930213e-01
9.553571740786234168e-01
9.570932785669962195e-01
9.605654974778493616e-01
9.683779974778493616e-01
9.965277910232543945e-01
9.973958432674407959e-01
9.863591392834981653e-01
9.753224352995554236e-01
9.759424924850463867e-01
9.930555721124013635e-01
9.326637188593546179e-01
9.913194477558135986e-01
9.681299825509389612e-01
9.735863308111826209e-01
9.854910870393117639e-01
