2.230187853177388657e+00
1.880972067515055413e+00
1.336946705977122063e+00
7.711406747500101355e-01
4.374769528706868305e-01
2.520172918836275922e-01
1.181088387966156006e-01
2.371967900544404984e-01
5.595111474394798279e-02
9.123275677363078262e-02
7.100416471560795639e-02
4.258517238001028465e-02
3.966351365670561790e-02
7.099443456778924133e-02
1.564699566612640924e-01
1.538549239436785288e-01
1.281215523680051260e-01
1.223033616940180507e-01
1.030369435126582828e-01
4.545279871672391891e-02
3.794629530360301567e-02
3.040467932199438297e-02
6.155436916742473841e-02
1.015291089812914577e-01
4.539836415400107933e-02
2.832366004586219788e-01
3.085009551917513096e-02
7.785135321319103241e-02
8.727228455245494843e-02
5.873241430769363808e-02
