2.219742126762866974e-01
5.957341492176055908e-01
8.234127263228098181e-01
9.058780173460642127e-01
9.272073507308959961e-01
9.782986342906951904e-01
9.451885124047597619e-01
9.852430721124013635e-01
9.458085596561431885e-01
9.510169029235839844e-01
9.611855447292327881e-01
9.603174726168314246e-01
9.544891119003295898e-01
9.817708532015482215e-01
9.298115173975626258e-01
9.458085596561431885e-01
9.347718556722005578e-01
9.293154974778493616e-01
9.379960596561431885e-01
9.600694576899210242e-01
9.475446740786234168e-01
9.637897014617919922e-01
9.518849452336629602e-01
9.196428755919138220e-01
9.290674726168314246e-01
9.026537934939066199e-01
9.002976318200429651e-01
9.191468457380930213e-01
9.267113308111826209e-01
9.234871367613474158e-01
