2.219468196233113755e+00
1.763578971227010017e+00
9.653769532839456824e-01
3.885034372409184589e-01
2.505269311368465424e-01
8.919061409930388595e-02
1.425829598059256964e-01
6.075932038947939873e-02
3.256851049760977612e-01
2.601006906479597092e-01
2.044542295237382346e-01
1.291945427656173706e-01
1.495903196434179849e-01
8.746364278097946976e-02
2.229585566868384772e-01
1.811974151059985161e-01
2.211446731040875024e-01
2.427427321672439575e-01
1.968489537636438913e-01
1.319466916223367148e-01
1.448575879136721201e-01
1.071232793231805119e-01
2.289519111315409250e-01
7.671744519223769876e-01
2.541778087615966797e-01
3.089548622568448200e-01
3.319640805323918475e-01
2.589018742243449078e-01
2.395297338565190726e-01
1.864981539547443390e-01
